0 1 80
1 0 80
0 11 112 
11 0 112 
1 2 96 
2 1 96
2 3 96 
3 2 96
3 4 96
4 3 96
4 5 80
5 4 80
5 6 112 
6 5 112
6 7 96 
7 6 96
7 8 96
8 7 96
8 9 96
9 8 96
9 10 96
10 9 96
10 11 96
11 10 96
10 12 96 
12 10 96
12 13 144
13 12 144
13 14 96 
14 13 96
14 15 96
15 14 96
15 16 96
16 15 96
16 17 96
17 16 96
17 18 96
18 17 96
18 19 144
19 18 144
7 19 96
19 7 96
14 20 96
20 14 96
20 21 96
21 20 96
21 22 80
22 21 80
22 23 96
23 22 96
23 24 96
24 23 96
24 25 96
25 24 96
25 26 80 
26 25 80
26 27 96 
27 26 96
17 27 96
27 17 96
28 39 112 
39 28 112 
29 30 96 
30 29 96
30 31 96 
31 30 96
31 32 96
32 31 96
32 33 80
33 32 80
33 34 112 
34 33 112
34 35 96 
35 34 96
35 36 96
36 35 96
36 37 96
37 36 96
37 38 96
38 37 96
38 39 96
39 38 96
38 40 96 
40 38 96
40 41 144
41 40 144
41 42 96 
42 41 96
42 43 96
43 42 96
43 44 96
44 43 96
44 45 96
45 44 96
45 46 96
46 45 96
46 47 144
47 46 144
35 47 96
47 35 96
42 48 96
48 42 96
48 49 96
49 48 96
49 50 80
50 49 80
50 51 96
51 50 96
51 52 96
52 51 96
52 53 96
53 52 96
53 54 80 
54 53 80
54 55 96 
55 54 96
45 55 96
55 45 96
4 29 336
29 4 336
7 38 336
38 7 336
17 42 336
42 17 336
25 50 336
50 25 336

