0 96 176
1 96 96
2 192 96
3 288 96
4 384 96
5 384 176
6 384 288
7 384 384
8 288 384
9 192 384
10 96 384
11 96 288
12 96 480
13 96 624
14 96 720
15 192 720
16 288 720
17 384 720
18 384 624
19 384 480
20 96 816
21 96 912 
22 96 992
23 192 992 
24 288 992 
25 384 992 
26 384 912 
27 384 816
28 720 176
29 720 96
30 816 96
31 912 96
32 1008 96
33 1008 176
34 1008 288
35 1008 384
36 912 384
37 816 384
38 720 384
39 720 288
40 720 480
41 720 624
42 720 720
43 816 720
44 912 720
45 1008 720
46 1008 624
47 1008 480
48 720 816
49 720 912 
50 720 992
51 816 992 
52 912 992 
53 1008 992 
54 1008 912 
55 1008 816

